29
26
34
28
32
29
24
31
24
24
26
25
26
31
30
37
29
26
29
27
26
32
29
26
30
32
28
26
23
27
31
30
28
31
30
30
25
30
30
33
32
27
35
29
24
36
25
24
35
24
32
33
29
36
26
28
24
29
28
23
22
23
32
29
26
27
29
22
25
34
27
33
25
28
29
29
28
22
34
31
32
22
29
27
33
28
26
24
34
26
25
31
31
30
30
22
26
29
28
34
31
30
28
29
31
25
33
33
26
30
31
25
30
25
28
29
29
31
28
22
24
27
27
24
30
26
33
24
30
30
24
28
27
31
29
29
30
23
29
28
30
28
28
34
30
27
28
24
23
30
32
22
32
30
21
27
26
28
29
29
30
29
26
26
24
30
32
32
31
34
32
32
24
31
35
33
21
27
25
31
29
25
23
34
29
31
30
26
33
28
33
31
27
33
29
27
31
28
26
32
