3095673600.0
3093936512.0
3043112448.0
3102426880.0
3052631552.0
3062464640.0
3026511872.0
3077808256.0
3038607744.0
3051076096.0
3078392448.0
3099246208.0
3089798912.0
3096006784.0
3046898688.0
3089074176.0
3095663360.0
3073774464.0
3039263616.0
3106282240.0
3087783552.0
3060496896.0
3053501568.0
3088941952.0
3094960640.0
3070305664.0
3121513216.0
3045659520.0
3067060352.0
3098662144.0
3071696384.0
3070834944.0
3086147840.0
3083971328.0
3061179392.0
3085603968.0
3067894784.0
3064231296.0
3079622144.0
3094138880.0
3064165120.0
3107424128.0
3084112512.0
3082414592.0
3078671232.0
3070973440.0
3083237504.0
3078128896.0
3087083392.0
3066993152.0
3061649536.0
3078622720.0
3085382272.0
3089421440.0
3023498752.0
3064618112.0
3104071168.0
3074035456.0
3074691840.0
3047309184.0
3066578304.0
3082066048.0
3046055552.0
3071260672.0
3082096512.0
3064169088.0
3071409280.0
3068110464.0
3060364160.0
3053044736.0
3104649344.0
3068220160.0
3057918976.0
3118201984.0
3068372352.0
3063719296.0
3047890176.0
3088238720.0
3094412416.0
3079863168.0
3080743168.0
3064108160.0
3048147200.0
3094876928.0
3073011328.0
3063231744.0
3058296960.0
3089417600.0
3068647680.0
3091832960.0
3072392960.0
3080505344.0
3119816960.0
3072675200.0
3093444864.0
3087796352.0
3075527168.0
3085752064.0
3083463936.0
3097867136.0
3091899392.0
3086341376.0
3077236608.0
3071460608.0
3063962752.0
3069146624.0
3081328640.0
3069767296.0
3086387712.0
3098569600.0
3082301952.0
3061357824.0
3115619072.0
3060211072.0
3049154944.0
3073927808.0
3073439232.0
3075229312.0
3062166784.0
3074877312.0
3094769152.0
3080199552.0
3115740800.0
3075469696.0
3079344384.0
3066340096.0
3076803712.0
3071959552.0
3085532544.0
3095251200.0
3084165888.0
3080388736.0
3067709568.0
3076443648.0
3093382528.0
3102396288.0
3079497088.0
3053605760.0
3063038336.0
3081347968.0
3054425856.0
3084612608.0
3091535872.0
3100792960.0
3080277888.0
3116007552.0
3019790464.0
3088294528.0
3046485632.0
3078760832.0
3064530432.0
3082415616.0
3077846656.0
3060506496.0
3092161024.0
3046840576.0
3083312256.0
3064603904.0
3076538880.0
3086207104.0
3074242688.0
3091466880.0
3064048128.0
3049967872.0
3053013120.0
3075898112.0
3072640384.0
3057596288.0
3079398272.0
3097147008.0
3065510912.0
3109143168.0
3078301056.0
3068388224.0
3047101696.0
3093225600.0
3073405824.0
3060990976.0
3073206016.0
3084467328.0
3082017280.0
3064168960.0
3100474368.0
3054107008.0
3057969024.0
3078752000.0
3071278720.0
3092060416.0
3087710080.0
3072283776.0
3064523776.0
3063647744.0
3064320256.0
3077272320.0
3071385472.0
3051179648.0
3068763520.0
3055803648.0
3086548352.0
3113177984.0
