2602163.0
2599249.0
2568256.0
2607115.0
2569867.0
2581520.0
2548890.0
2584578.0
2559971.0
2567773.0
2590512.0
2599300.0
2595013.0
2602654.0
2568524.0
2598501.0
2600941.0
2583308.0
2571640.0
2614901.0
2593725.0
2572349.0
2572207.0
2594113.0
2598325.0
2580482.0
2617378.0
2570405.0
2579390.0
2606814.0
2587343.0
2583808.0
2592652.0
2595678.0
2576100.0
2593329.0
2581298.0
2578673.0
2594216.0
2595834.0
2576387.0
2616616.0
2593872.0
2593874.0
2585565.0
2594644.0
2587826.0
2594823.0
2597445.0
2586494.0
2580327.0
2587784.0
2591231.0
2596630.0
2545875.0
2578262.0
2606260.0
2588538.0
2583340.0
2566370.0
2571442.0
2594280.0
2560616.0
2579680.0
2590739.0
2573281.0
2589465.0
2579135.0
2584183.0
2574637.0
2604739.0
2585567.0
2576320.0
2613580.0
2585124.0
2579215.0
2569792.0
2595107.0
2607169.0
2590065.0
2588588.0
2580525.0
2564765.0
2600180.0
2584842.0
2580354.0
2575811.0
2598885.0
2581533.0
2603463.0
2588061.0
2590217.0
2616218.0
2589870.0
2604394.0
2596590.0
2588426.0
2592213.0
2595872.0
2602595.0
2601796.0
2592499.0
2589181.0
2584213.0
2581419.0
2577781.0
2592336.0
2575716.0
2598679.0
2600951.0
2595159.0
2578953.0
2615074.0
2575241.0
2566487.0
2577737.0
2589279.0
2589648.0
2581592.0
2586514.0
2603576.0
2590250.0
2613586.0
2585860.0
2592428.0
2586659.0
2586145.0
2584032.0
2594438.0
2601270.0
2599908.0
2598439.0
2586406.0
2583150.0
2600820.0
2601438.0
2595096.0
2571734.0
2582564.0
2586116.0
2571900.0
2586684.0
2597604.0
2608747.0
2590704.0
2614686.0
2550163.0
2597110.0
2562549.0
2593016.0
2582101.0
2598590.0
2587486.0
2570202.0
2601146.0
2567174.0
2598154.0
2579947.0
2587633.0
2594750.0
2583091.0
2597682.0
2575689.0
2576920.0
2567140.0
2588009.0
2583834.0
2570572.0
2588253.0
2608317.0
2579849.0
2607963.0
2584777.0
2583188.0
2570163.0
2604640.0
2588263.0
2577819.0
2596280.0
2593267.0
2592361.0
2587971.0
2603914.0
2574025.0
2578002.0
2589726.0
2584419.0
2595324.0
2589837.0
2581558.0
2586278.0
2582786.0
2583736.0
2591472.0
2585867.0
2576688.0
2580811.0
2571202.0
2601448.0
2617544.0
