48
42
45
44
42
45
47
44
45
43
48
48
48
48
47
45
48
43
44
45
48
46
45
47
46
48
48
45
48
45
45
42
46
47
46
44
42
44
43
48
45
43
47
43
47
47
45
49
44
43
42
42
46
47
48
44
44
46
46
47
47
47
43
43
43
48
46
44
45
44
48
47
44
47
47
41
47
45
46
46
43
42
45
46
47
47
45
49
45
42
46
40
42
49
44
43
47
45
43
45
45
48
43
43
42
49
47
46
48
46
47
46
47
47
41
48
46
45
44
46
47
44
43
45
46
46
49
48
45
46
44
43
48
46
45
44
48
47
47
43
43
45
44
46
44
49
47
44
44
45
43
45
44
47
50
44
44
46
44
45
44
49
47
47
46
43
46
43
47
44
46
41
46
46
46
44
46
46
43
46
46
49
45
50
42
41
47
45
46
48
44
47
45
49
47
46
43
44
47
47
