28254543872.0
27694598144.0
27877483520.0
27876451840.0
27727735808.0
27835521536.0
28230404608.0
27800234496.0
27887360512.0
27675181568.0
28223309312.0
27918816768.0
27976028672.0
27813353984.0
27867667456.0
28067559936.0
28232133120.0
27673096192.0
27897155072.0
28219291648.0
27944833024.0
28055402496.0
27873196032.0
27817439744.0
28132568064.0
27623373312.0
27829713920.0
27905660928.0
28030564864.0
27820812800.0
28173878272.0
28232163840.0
27966750208.0
27994336768.0
27545629696.0
28149634560.0
28100256256.0
27682002432.0
27801187328.0
27964730880.0
28039594496.0
27836778496.0
28144009728.0
27838320128.0
28105745920.0
27909692416.0
28251419136.0
27470875136.0
28073414144.0
27640635904.0
28073270272.0
28146854912.0
28054735872.0
27772185088.0
27940462592.0
27894896640.0
27969360896.0
28118398464.0
27919491072.0
27228790272.0
28254808064.0
28130857984.0
27785116672.0
27857996288.0
28129120256.0
27650997760.0
28093757440.0
27914838528.0
27893245952.0
27639197184.0
28100194304.0
28062310912.0
27930718720.0
27849102848.0
28008270848.0
28124224512.0
27861047296.0
27833419776.0
27937058816.0
27751057920.0
28068989952.0
28241067520.0
27948197888.0
27880762368.0
27979210752.0
28059508736.0
27637096960.0
28192496640.0
28001192448.0
28074538496.0
27890116096.0
27563107328.0
28238234112.0
28163302400.0
28226085888.0
27893547008.0
27933729280.0
28415556608.0
27782249984.0
27787782144.0
27921090048.0
27732616704.0
27841576960.0
28129117184.0
27699240448.0
27476920320.0
28077015552.0
27660344832.0
28576426496.0
27779732992.0
27891638784.0
27806842880.0
27893601792.0
27747701248.0
28069582336.0
28204315136.0
27430284288.0
28464282112.0
28128259072.0
27803883520.0
28030013952.0
27894788608.0
27497731072.0
27865039360.0
28066516992.0
27970793984.0
28282845184.0
28056848384.0
27758075904.0
27757296128.0
27492028416.0
28092478464.0
27831305728.0
28058199552.0
28056962048.0
27795195392.0
28087493632.0
27994581504.0
28197175296.0
27736256512.0
28007343104.0
28201513984.0
27321418752.0
28028194304.0
28108826112.0
28276400640.0
28070446080.0
27906837504.0
27844510208.0
28038016512.0
27613298688.0
28293095936.0
28217699328.0
28154178560.0
27992523264.0
27934872064.0
28010401280.0
28141734912.0
28236505600.0
27861872128.0
27910848000.0
28100144128.0
27943565824.0
27957114368.0
27804107264.0
27700554752.0
28388603904.0
27558147584.0
27686922752.0
27792729088.0
28082478592.0
28177156096.0
28087811072.0
27936258560.0
28185055744.0
28313238528.0
27700101120.0
27677518848.0
27817208832.0
27792197120.0
27829135360.0
28018033664.0
27386610176.0
28069344256.0
27708804608.0
27691840000.0
28129590272.0
27884531712.0
27957583360.0
27867218944.0
27983141376.0
27799809536.0
27906181120.0
27810840576.0
28359815680.0
27912474112.0
27886410752.0
27923151360.0
27562138112.0
27867039744.0
