6272084.0
6123683.0
6154253.0
6155555.0
6108386.0
6163755.0
6228242.0
6157944.0
6153163.0
6120020.0
6244506.0
6188176.0
6183937.0
6158728.0
6153495.0
6207024.0
6253208.0
6118613.0
6156210.0
6265967.0
6193765.0
6194807.0
6182640.0
6142048.0
6200794.0
6116795.0
6161146.0
6159122.0
6210159.0
6160680.0
6237228.0
6239118.0
6187114.0
6212897.0
6100846.0
6232243.0
6208586.0
6088347.0
6140711.0
6202357.0
6207186.0
6137361.0
6229315.0
6163035.0
6201486.0
6179724.0
6240630.0
6080372.0
6212937.0
6127126.0
6217680.0
6230151.0
6227866.0
6154975.0
6156082.0
6165932.0
6212896.0
6213500.0
6150386.0
6019575.0
6244028.0
6225965.0
6145434.0
6191321.0
6216432.0
6117792.0
6209620.0
6163749.0
6156362.0
6092570.0
6250128.0
6202505.0
6148185.0
6161489.0
6182399.0
6210410.0
6168050.0
6165200.0
6182395.0
6161336.0
6217886.0
6260368.0
6162776.0
6148133.0
6151792.0
6224560.0
6106897.0
6217814.0
6196191.0
6214885.0
6182715.0
6094140.0
6225776.0
6251051.0
6265410.0
6184199.0
6153772.0
6271637.0
6142263.0
6150087.0
6187946.0
6137958.0
6156708.0
6229899.0
6118824.0
6091055.0
6220458.0
6121130.0
6343966.0
6136654.0
6162652.0
6152270.0
6161253.0
6149725.0
6195603.0
6236167.0
6058175.0
6327537.0
6237094.0
6168522.0
6196515.0
6175845.0
6065451.0
6161062.0
6198679.0
6201588.0
6257912.0
6168442.0
6148085.0
6131826.0
6066465.0
6209726.0
6137966.0
6226096.0
6217953.0
6157956.0
6222524.0
6205752.0
6233839.0
6143722.0
6216806.0
6243567.0
6026423.0
6174701.0
6193234.0
6254480.0
6220278.0
6155179.0
6168545.0
6214933.0
6105326.0
6258113.0
6267677.0
6240698.0
6187118.0
6169330.0
6201541.0
6229256.0
6231975.0
6159388.0
6161168.0
6197151.0
6184092.0
6218058.0
6139646.0
6124556.0
6289457.0
6103285.0
6111207.0
6174542.0
6219469.0
6232434.0
6231013.0
6183760.0
6224403.0
6263483.0
6121785.0
6142219.0
6163225.0
6170164.0
6149786.0
6212093.0
6046504.0
6189176.0
6139603.0
6117741.0
6228895.0
6150757.0
6195417.0
6170411.0
6226428.0
6128896.0
6171557.0
6122714.0
6274276.0
6183616.0
6130308.0
6178025.0
6094127.0
6154754.0
