45
41
44
42
44
45
47
44
43
48
45
48
47
44
46
44
48
45
46
45
47
43
44
46
47
49
46
47
48
39
42
46
45
47
45
42
45
40
45
46
44
45
44
43
45
46
47
46
48
44
45
44
47
46
47
45
44
46
43
39
47
44
45
42
45
49
46
46
42
43
44
45
44
48
45
42
44
46
45
40
43
46
45
44
46
48
44
44
46
45
43
42
40
48
42
39
47
46
44
43
44
46
45
46
44
47
47
46
47
43
45
46
43
44
44
48
43
44
42
47
44
43
44
46
45
46
47
48
41
46
46
47
47
44
48
42
47
45
47
43
44
45
44
46
46
47
48
47
39
45
46
45
46
48
48
46
44
44
41
45
47
46
46
44
44
43
43
45
47
41
47
44
43
48
49
44
45
45
45
46
46
48
45
49
44
46
44
45
46
47
43
46
46
49
46
43
43
45
47
44
