8419369984.0
8220251392.0
8296400896.0
8316005376.0
8253623808.0
8292815616.0
8371705600.0
8264352768.0
8295987456.0
8236656640.0
8385551104.0
8320215040.0
8309760768.0
8272816896.0
8278153216.0
8356666880.0
8400147456.0
8237562112.0
8294540800.0
8405247488.0
8294851072.0
8346928896.0
8332728576.0
8295197184.0
8364948736.0
8250391040.0
8258353408.0
8302868992.0
8341841152.0
8262619392.0
8384872704.0
8386993920.0
8318868992.0
8318459136.0
8221349632.0
8367054080.0
8367019776.0
8264057344.0
8316286976.0
8325833728.0
8353762304.0
8271785728.0
8418218496.0
8265790720.0
8352158976.0
8317845760.0
8394433536.0
8209110272.0
8338754816.0
8221360640.0
8360706816.0
8362976256.0
8339958272.0
8261017344.0
8290892544.0
8295857408.0
8300833024.0
8378878976.0
8321687552.0
8103742208.0
8401647616.0
8323493120.0
8282927616.0
8314348032.0
8376807936.0
8237794816.0
8378856704.0
8300032256.0
8302348800.0
8230827008.0
8341620992.0
8340721408.0
8325106176.0
8294944000.0
8358000384.0
8383857920.0
8283118592.0
8298276096.0
8335078400.0
8268477184.0
8372855296.0
8408195584.0
8324629248.0
8295182080.0
8354505984.0
8327149056.0
8238160384.0
8387316480.0
8326666752.0
8326617344.0
8293040896.0
8211561984.0
8383671808.0
8358118400.0
8420238848.0
8328437248.0
8336181504.0
8469737472.0
8266908416.0
8285436416.0
8300068352.0
8275915776.0
8286073344.0
8355081728.0
8235746816.0
8175296768.0
8348656128.0
8276103936.0
8477853440.0
8298156800.0
8304956160.0
8258182400.0
8306351872.0
8265376256.0
8347165696.0
8390129920.0
8176357632.0
8486989824.0
8376142848.0
8316948480.0
8331150080.0
8289963520.0
8213067776.0
8314652672.0
8299769344.0
8304616960.0
8389704960.0
8334104832.0
8257258240.0
8273634304.0
8204386048.0
8354707968.0
8283618560.0
8338894592.0
8361203712.0
8284957952.0
8371049472.0
8334899712.0
8351397376.0
8265446400.0
8357898240.0
8398356736.0
8129932288.0
8330374656.0
8354847488.0
8385671168.0
8325370368.0
8308362240.0
8272123648.0
8328936448.0
8237920768.0
8448164864.0
8395922176.0
8387974400.0
8329870080.0
8331648000.0
8333630720.0
8361217536.0
8417102336.0
8310692352.0
8301515264.0
8360832512.0
8334412288.0
8318029312.0
8254865664.0
8292891904.0
8379879936.0
8190129152.0
8256039424.0
8249673728.0
8351731200.0
8409015552.0
8363554304.0
8303648512.0
8401301504.0
8418317568.0
8256062208.0
8257594368.0
8285929216.0
8270485248.0
8309073664.0
8325403648.0
8162879232.0
8336733440.0
8284811776.0
8257311232.0
8378850048.0
8312642304.0
8342009600.0
8300705536.0
8339720960.0
8286705664.0
8281079296.0
8270426368.0
8439445504.0
8304950528.0
8263880960.0
8317418496.0
8216940032.0
8280825856.0
