3658715.0
3558281.0
3591196.0
3595570.0
3561945.0
3596022.0
3623286.0
3581981.0
3587344.0
3566086.0
3636400.0
3608284.0
3598851.0
3586227.0
3577128.0
3615258.0
3638727.0
3566506.0
3587165.0
3649544.0
3602451.0
3608256.0
3610217.0
3579461.0
3611009.0
3573385.0
3578204.0
3583731.0
3614303.0
3583829.0
3632244.0
3633574.0
3604469.0
3613631.0
3560377.0
3631271.0
3616851.0
3554815.0
3590683.0
3615493.0
3620785.0
3575167.0
3639850.0
3579152.0
3603231.0
3603989.0
3628248.0
3551655.0
3614052.0
3567851.0
3619592.0
3630537.0
3625697.0
3584851.0
3578796.0
3586968.0
3609336.0
3626918.0
3589949.0
3510704.0
3637676.0
3610523.0
3584732.0
3609985.0
3623116.0
3569182.0
3621829.0
3589519.0
3586326.0
3553727.0
3634963.0
3615176.0
3586274.0
3588146.0
3608530.0
3621532.0
3591746.0
3596935.0
3609195.0
3594050.0
3627044.0
3646799.0
3594435.0
3584363.0
3591740.0
3611355.0
3560567.0
3622600.0
3604387.0
3615049.0
3597009.0
3554466.0
3628512.0
3631343.0
3655838.0
3604820.0
3594991.0
3658892.0
3579496.0
3589427.0
3600947.0
3586985.0
3587161.0
3624067.0
3562489.0
3545928.0
3616833.0
3585788.0
3681926.0
3586543.0
3598936.0
3580204.0
3595354.0
3587392.0
3609784.0
3631911.0
3543214.0
3685095.0
3633337.0
3604759.0
3605804.0
3589513.0
3542040.0
3597301.0
3593544.0
3607761.0
3635354.0
3594109.0
3583870.0
3577878.0
3542832.0
3614401.0
3570438.0
3626887.0
3625501.0
3589596.0
3628162.0
3614219.0
3617763.0
3586285.0
3628538.0
3637413.0
3515846.0
3595367.0
3604450.0
3632000.0
3615978.0
3589565.0
3590708.0
3612563.0
3562916.0
3647998.0
3646292.0
3637434.0
3600286.0
3601511.0
3609123.0
3623661.0
3635007.0
3598847.0
3579913.0
3611650.0
3610383.0
3619127.0
3575261.0
3589504.0
3639310.0
3552574.0
3570679.0
3586217.0
3618865.0
3640566.0
3632033.0
3601829.0
3629407.0
3649176.0
3568091.0
3583254.0
3590394.0
3594863.0
3594670.0
3608862.0
3528464.0
3602189.0
3588361.0
3570116.0
3630106.0
3590113.0
3619849.0
3599977.0
3631378.0
3578606.0
3588737.0
3567826.0
3653653.0
3606945.0
3559515.0
3599620.0
3552893.0
3581544.0
