33
29
38
31
33
30
29
33
28
28
32
24
35
30
36
37
27
29
28
33
27
29
26
31
39
35
30
33
31
24
29
26
28
34
33
31
28
35
31
35
34
30
39
31
31
33
28
26
31
29
31
36
27
33
34
33
27
34
29
28
25
28
36
30
27
35
34
28
30
29
29
34
27
35
27
35
29
30
35
34
34
26
31
31
32
30
25
26
32
32
26
34
34
31
29
29
29
26
29
33
32
31
30
36
33
31
33
31
28
33
33
30
31
36
32
34
35
31
30
27
29
31
33
31
29
29
31
31
29
34
24
28
33
31
30
34
32
32
31
32
31
32
33
32
34
30
29
29
25
33
37
23
32
32
30
28
28
28
30
33
31
31
27
29
33
31
37
33
34
35
39
37
28
33
34
35
24
28
33
34
26
25
25
34
32
37
35
34
31
30
36
30
33
33
33
33
32
31
31
34
