9836172032.0
9827769600.0
9641987328.0
9899420928.0
9683205376.0
9732910336.0
9584595456.0
9768560896.0
9648776960.0
9690929408.0
9779935232.0
9865711616.0
9833260544.0
9847116544.0
9679971328.0
9787803392.0
9835132928.0
9805807360.0
9637639424.0
9866263552.0
9838370304.0
9719944448.0
9682761216.0
9817739776.0
9838987008.0
9743315712.0
9949459968.0
9649241088.0
9734398720.0
9865411328.0
9747670016.0
9728125696.0
9780220672.0
9792613376.0
9758024704.0
9814371072.0
9728384512.0
9718172672.0
9758909440.0
9874019072.0
9752561152.0
9872731904.0
9783884032.0
9786672128.0
9822174464.0
9744170496.0
9803385856.0
9762735104.0
9836597248.0
9733861888.0
9695917312.0
9791425024.0
9781525248.0
9857238528.0
9540754432.0
9744953856.0
9875771136.0
9784193792.0
9777000448.0
9667066368.0
9729037056.0
9812911872.0
9692412416.0
9719827200.0
9779162368.0
9719949056.0
9766429696.0
9766108416.0
9713629440.0
9673943296.0
9865446656.0
9751756288.0
9705682688.0
9907946752.0
9711784960.0
9708814080.0
9693121280.0
9790974208.0
9801413632.0
9785002240.0
9778578432.0
9752099840.0
9698596096.0
9805342720.0
9739834112.0
9744008960.0
9721108480.0
9785684736.0
9727595520.0
9820038912.0
9755107840.0
9781137920.0
9920703488.0
9754669824.0
9848513024.0
9778080768.0
9807298560.0
9780273152.0
9777517312.0
9859425792.0
9846811136.0
9822889728.0
9759328000.0
9746341888.0
9679100416.0
9795485184.0
9797573376.0
9736475136.0
9778843904.0
9827593984.0
9775733248.0
9709961216.0
9894488576.0
9711006720.0
9667277824.0
9750604800.0
9758552064.0
9759182336.0
9706530304.0
9753865728.0
9845878528.0
9790766848.0
9879718912.0
9784025600.0
9824931072.0
9767821312.0
9730204160.0
9753457152.0
9778952192.0
9821611776.0
9796814080.0
9763177984.0
9689176832.0
9827972096.0
9819877888.0
9843146752.0
9799354112.0
9667793152.0
9737790976.0
9776901376.0
9725150208.0
9797260544.0
9812928256.0
9858921216.0
9813001216.0
9887192576.0
9581912832.0
9791427328.0
9649352960.0
9770858240.0
9747878656.0
9795834368.0
9780755712.0
9719226624.0
9816327680.0
9691877120.0
9794191104.0
9731970048.0
9797507072.0
9827678208.0
9770888448.0
9860330752.0
9701526784.0
9702231040.0
9711574528.0
9779934720.0
9775639552.0
9717954560.0
9767097344.0
9861239552.0
9748073472.0
9908808704.0
9793351168.0
9762846208.0
9671299584.0
9810517760.0
9751269120.0
9748204032.0
9757504768.0
9832056576.0
9803197952.0
9719391744.0
9853853440.0
9685505280.0
9701635328.0
9812632064.0
9768748288.0
9846294528.0
9794667008.0
9776848384.0
9714670592.0
9714708992.0
9725094656.0
9769410560.0
9760789248.0
9725223424.0
9735985408.0
9706665216.0
9803248128.0
9924696064.0
