4174407.0
4179804.0
4092288.0
4204890.0
4105141.0
4145141.0
4055123.0
4151982.0
4101735.0
4117980.0
4160990.0
4196378.0
4170502.0
4179886.0
4116075.0
4162562.0
4167949.0
4163328.0
4111344.0
4197741.0
4178267.0
4127773.0
4111355.0
4180968.0
4170840.0
4140009.0
4227194.0
4099374.0
4132691.0
4182529.0
4141714.0
4137842.0
4159820.0
4157181.0
4152043.0
4172479.0
4131664.0
4119228.0
4141179.0
4194012.0
4133620.0
4197183.0
4153438.0
4156175.0
4167310.0
4147618.0
4163724.0
4149792.0
4186784.0
4139047.0
4120876.0
4163529.0
4160373.0
4181900.0
4055473.0
4129778.0
4200042.0
4158298.0
4143575.0
4100204.0
4138980.0
4166186.0
4103873.0
4125498.0
4157013.0
4130579.0
4152300.0
4143233.0
4126978.0
4113325.0
4174942.0
4135140.0
4129304.0
4214358.0
4133746.0
4128401.0
4118372.0
4154949.0
4173687.0
4162734.0
4143031.0
4156711.0
4117614.0
4159033.0
4135802.0
4132975.0
4119781.0
4159676.0
4125750.0
4177422.0
4141617.0
4153769.0
4214391.0
4141816.0
4200466.0
4146768.0
4163106.0
4157545.0
4160676.0
4189092.0
4186179.0
4171022.0
4146219.0
4134267.0
4126563.0
4164147.0
4164665.0
4128932.0
4155453.0
4179395.0
4147741.0
4119235.0
4216221.0
4116698.0
4099890.0
4130226.0
4154956.0
4152580.0
4128595.0
4139099.0
4173699.0
4142869.0
4206325.0
4141686.0
4181665.0
4159276.0
4134399.0
4152480.0
4164999.0
4162282.0
4171509.0
4164621.0
4118264.0
4163803.0
4173569.0
4181545.0
4162841.0
4103305.0
4150454.0
4153560.0
4132158.0
4135995.0
4157131.0
4196321.0
4167211.0
4194069.0
4061944.0
4161061.0
4090376.0
4164483.0
4149183.0
4174017.0
4156126.0
4130133.0
4167118.0
4104608.0
4166477.0
4133106.0
4148405.0
4175542.0
4149475.0
4174385.0
4110292.0
4124227.0
4115181.0
4151161.0
4142491.0
4125786.0
4154614.0
4188133.0
4138915.0
4197742.0
4161738.0
4156546.0
4095300.0
4164906.0
4139981.0
4142372.0
4157294.0
4186816.0
4170843.0
4135183.0
4196212.0
4111909.0
4117914.0
4173992.0
4152758.0
4176273.0
4164256.0
4148126.0
4136125.0
4125628.0
4129612.0
4152298.0
4138514.0
4131810.0
4121595.0
4108253.0
4173202.0
4244290.0
