46
41
46
45
43
43
45
39
47
43
47
45
45
42
45
42
45
45
45
46
44
45
40
45
42
47
47
48
45
42
42
45
46
46
39
41
44
42
42
42
39
44
43
39
42
42
43
44
45
43
41
44
47
46
46
45
46
44
44
42
46
44
46
40
38
45
44
46
42
37
45
40
39
47
40
41
46
44
43
45
44
43
45
46
46
45
43
45
46
41
44
38
39
46
41
42
43
43
42
42
47
45
44
46
40
46
45
46
42
43
47
46
39
47
42
48
45
43
42
46
44
44
46
43
48
47
48
45
43
44
43
45
48
45
43
42
46
48
47
44
42
44
46
46
45
48
45
45
40
44
45
43
47
44
42
41
43
45
44
43
44
46
42
43
45
46
44
43
41
42
44
43
41
44
47
46
43
41
45
44
43
47
43
48
40
46
48
41
42
46
42
43
43
45
46
45
43
45
47
44
