2860819840.0
2806736384.0
2835683712.0
2830368768.0
2814947200.0
2836030592.0
2846561024.0
2820715648.0
2817855488.0
2807275136.0
2850465536.0
2831057152.0
2830499840.0
2821194496.0
2820608384.0
2835429888.0
2845010176.0
2810415232.0
2829505280.0
2863676544.0
2817686656.0
2833664640.0
2840890240.0
2816772096.0
2838025600.0
2819366144.0
2815435520.0
2820877952.0
2843795712.0
2821127424.0
2840015360.0
2844494592.0
2840225024.0
2830403200.0
2807380736.0
2842058752.0
2843751040.0
2813010816.0
2829125504.0
2833550080.0
2836919936.0
2824960384.0
2856251264.0
2821235584.0
2836923520.0
2832692608.0
2844643584.0
2797088768.0
2844734976.0
2808421760.0
2832540800.0
2834062208.0
2832031872.0
2812830592.0
2827320576.0
2826483200.0
2820703360.0
2853089024.0
2828319616.0
2770151424.0
2863494656.0
2819505024.0
2839792768.0
2840178048.0
2844595712.0
2811848064.0
2850538368.0
2817243392.0
2818086144.0
2810545152.0
2850412160.0
2843258240.0
2835523584.0
2815006720.0
2836575872.0
2856601984.0
2815991808.0
2832408192.0
2843159936.0
2824651648.0
2839428992.0
2852840960.0
2820898176.0
2818942976.0
2824900224.0
2837385472.0
2806725760.0
2843637632.0
2832881792.0
2847669888.0
2816018432.0
2799205632.0
2847667840.0
2840471552.0
2857843328.0
2838056704.0
2828585600.0
2868431872.0
2834877440.0
2821428352.0
2831719296.0
2826722816.0
2827054336.0
2842149760.0
2818839936.0
2790170368.0
2840148992.0
2816812416.0
2880669824.0
2816930304.0
2831365248.0
2820336256.0
2834669952.0
2827972736.0
2833585152.0
2842683648.0
2793611520.0
2873013376.0
2848866944.0
2830270208.0
2830183680.0
2826262528.0
2810267392.0
2831656448.0
2834012032.0
2827074176.0
2854389248.0
2836338944.0
2820128384.0
2817183744.0
2790100992.0
2833529216.0
2815818752.0
2833569152.0
2843783296.0
2825102720.0
2852067072.0
2839157632.0
2839271808.0
2824430848.0
2838336896.0
2844485888.0
2775358080.0
2835126912.0
2837118080.0
2844999552.0
2830419456.0
2833508480.0
2824139904.0
2842314112.0
2820501504.0
2885008512.0
2859486848.0
2841045376.0
2839133824.0
2825668864.0
2838126720.0
2841805056.0
2854056704.0
2840251392.0
2823428864.0
2847521664.0
2847854080.0
2829412608.0
2822606080.0
2835708672.0
2845705088.0
2790956672.0
2807045504.0
2809680384.0
2842149504.0
2856270080.0
2853922560.0
2836488320.0
2845159296.0
2858978688.0
2816423296.0
2809896832.0
2816595584.0
2818349056.0
2821485824.0
2829204992.0
2784093696.0
2826818688.0
2819772672.0
2829202944.0
2853318144.0
2825731840.0
2844861696.0
2827538176.0
2832451968.0
2822957440.0
2822826112.0
2818322432.0
2864277504.0
2825776128.0
2817097600.0
2837201152.0
2800172672.0
2818209664.0
