2442406.0
2398830.0
2422027.0
2416751.0
2404563.0
2418459.0
2428635.0
2406479.0
2405503.0
2398771.0
2429792.0
2422540.0
2417264.0
2411058.0
2412594.0
2420361.0
2428051.0
2400995.0
2414704.0
2445991.0
2408306.0
2421490.0
2427784.0
2402188.0
2421234.0
2410177.0
2403704.0
2408102.0
2428223.0
2408668.0
2427317.0
2430955.0
2424967.0
2418344.0
2405562.0
2430981.0
2427406.0
2397685.0
2416452.0
2420233.0
2425260.0
2411429.0
2433977.0
2412571.0
2416387.0
2419450.0
2426213.0
2391481.0
2426010.0
2396555.0
2417819.0
2425829.0
2421109.0
2405958.0
2412481.0
2414795.0
2407943.0
2432610.0
2414080.0
2373710.0
2445735.0
2413040.0
2422295.0
2429427.0
2425304.0
2404744.0
2435339.0
2404538.0
2403169.0
2397029.0
2435533.0
2424680.0
2414125.0
2405840.0
2419157.0
2432826.0
2410658.0
2415880.0
2424597.0
2417194.0
2427782.0
2439758.0
2406765.0
2408401.0
2410951.0
2422763.0
2397144.0
2424621.0
2418291.0
2429828.0
2406414.0
2393018.0
2429142.0
2426338.0
2442327.0
2423974.0
2411965.0
2442941.0
2417060.0
2412135.0
2415287.0
2416414.0
2409437.0
2434676.0
2404999.0
2390213.0
2428756.0
2406694.0
2457095.0
2404474.0
2416175.0
2410545.0
2419338.0
2413836.0
2419554.0
2429477.0
2388277.0
2452276.0
2433499.0
2417158.0
2415203.0
2411955.0
2397012.0
2415336.0
2419722.0
2416258.0
2438632.0
2415959.0
2411929.0
2404114.0
2386694.0
2424361.0
2404322.0
2421675.0
2427987.0
2415720.0
2437227.0
2425511.0
2419077.0
2412395.0
2423759.0
2427444.0
2375257.0
2417731.0
2420501.0
2432572.0
2420017.0
2422275.0
2413530.0
2426911.0
2405955.0
2456000.0
2444299.0
2430272.0
2420783.0
2413520.0
2421035.0
2422861.0
2431770.0
2424831.0
2408490.0
2430098.0
2430801.0
2424101.0
2409262.0
2418810.0
2431904.0
2386128.0
2400863.0
2406086.0
2426374.0
2437257.0
2432909.0
2423477.0
2427049.0
2440428.0
2399983.0
2403827.0
2407563.0
2409484.0
2411258.0
2418868.0
2383459.0
2414004.0
2410799.0
2415991.0
2436528.0
2411061.0
2428231.0
2415091.0
2421196.0
2408939.0
2409882.0
2406169.0
2439530.0
2411407.0
2400952.0
2421292.0
2392466.0
2413165.0
