28
24
38
29
27
27
23
26
23
23
22
21
27
27
27
30
24
24
26
30
26
21
25
23
29
25
26
26
24
25
24
26
27
24
26
20
26
28
25
31
32
28
31
31
25
28
26
27
32
21
27
27
21
23
28
26
25
26
28
28
23
23
29
31
26
32
28
25
24
26
23
24
25
23
25
30
29
19
29
24
30
23
30
27
31
30
20
23
30
23
24
33
28
23
27
25
23
24
26
32
25
31
26
28
32
19
28
26
28
30
21
27
24
28
27
23
31
23
31
25
28
23
24
30
21
27
27
25
25
24
19
30
24
34
28
25
25
18
27
30
25
28
27
26
29
22
27
22
21
32
29
25
27
26
24
20
24
22
25
25
26
25
27
27
32
23
34
25
28
32
35
26
23
26
32
33
26
20
25
29
20
27
23
28
25
24
24
28
29
29
26
25
30
31
24
28
26
28
28
26
