32697725952.0
32817360896.0
32065289728.0
32930942976.0
32340009472.0
32404370432.0
31949259776.0
32550077440.0
32109921280.0
32295566336.0
32615455744.0
32767583744.0
32664686080.0
32835037184.0
32220681216.0
32544248320.0
32710215680.0
32655152640.0
32166944768.0
32825997824.0
32688678912.0
32344314368.0
32150350848.0
32598373888.0
32768371712.0
32473378304.0
33090191872.0
32004681728.0
32474036224.0
32887083008.0
32469284864.0
32465266688.0
32522116096.0
32664169472.0
32520689664.0
32589247488.0
32400574976.0
32385953792.0
32658951168.0
32779301888.0
32424340480.0
32902588416.0
32665549824.0
32559020544.0
32733791744.0
32490734592.0
32638002176.0
32536436224.0
32675205632.0
32481227264.0
32273083904.0
32646860288.0
32544468480.0
32731046912.0
31773842432.0
32422015488.0
32896902144.0
32604650496.0
32571635200.0
32212530176.0
32429416448.0
32642613248.0
32179526144.0
32284594176.0
32589966336.0
32392487424.0
32633272320.0
32437536256.0
32316168704.0
32198238720.0
32770915328.0
32577803264.0
32333703680.0
33047381504.0
32289144832.0
32379825664.0
32120979456.0
32619001856.0
32762186240.0
32614923264.0
32663258624.0
32411118592.0
32149934592.0
32664830464.0
32346691072.0
32381857792.0
32353557504.0
32592102912.0
32388538368.0
32737863680.0
32507350528.0
32613753856.0
33054885888.0
32566831616.0
32868461568.0
32485502464.0
32730105856.0
32525915136.0
32444358144.0
32828007424.0
32803366400.0
32750725120.0
32478868480.0
32352338432.0
32329529344.0
32561977856.0
32672785408.0
32360738816.0
32587101184.0
32812351488.0
32602282496.0
32266385920.0
32987126272.0
32092319744.0
32228333568.0
32420006400.0
32492588544.0
32484902912.0
32397170688.0
32481144832.0
32694990848.0
32679373824.0
32933644288.0
32536717312.0
32678834688.0
32424537600.0
32416897536.0
32556557312.0
32574342656.0
32735524352.0
32632470016.0
32596759552.0
32368097792.0
32635293696.0
32737529344.0
32739044864.0
32630530048.0
32175705088.0
32365669376.0
32565232128.0
32376397824.0
32628550656.0
32589539840.0
32878242816.0
32731844096.0
32908833280.0
31899388928.0
32597943808.0
32139808768.0
32547748864.0
32457405952.0
32671506944.0
32468139520.0
32308534784.0
32690841600.0
32185116672.0
32680761344.0
32372639232.0
32665757184.0
32823238144.0
32533902848.0
32791232512.0
32321579520.0
32242456576.0
32359429120.0
32582502400.0
32543623168.0
32311393280.0
32559922688.0
32865352192.0
32432944640.0
33074633216.0
32698983936.0
32562202112.0
32233870336.0
32659707904.0
32518882304.0
32447960576.0
32392025600.0
32761101312.0
32585634816.0
32464950272.0
32869235712.0
32368524800.0
32229040128.0
32592717312.0
32489084928.0
32796969984.0
32620550656.0
32541945856.0
32375252992.0
32435998720.0
32335908864.0
32524102144.0
32506345984.0
32456696832.0
32364656128.0
32368290304.0
32648086528.0
33168991232.0
