7158152.0
7207044.0
7019545.0
7221339.0
7066433.0
7125092.0
6958438.0
7151338.0
7045660.0
7081015.0
7156711.0
7205921.0
7160835.0
7198098.0
7065955.0
7140757.0
7151278.0
7158660.0
7067972.0
7223090.0
7171250.0
7083896.0
7045611.0
7180037.0
7173467.0
7126240.0
7269084.0
7021733.0
7120455.0
7197777.0
7116378.0
7125037.0
7152329.0
7153148.0
7129123.0
7165282.0
7107180.0
7073709.0
7153900.0
7189944.0
7093640.0
7220141.0
7159866.0
7147585.0
7159491.0
7124513.0
7154482.0
7119483.0
7170727.0
7128362.0
7067573.0
7160947.0
7152169.0
7175033.0
6949965.0
7080959.0
7230134.0
7152504.0
7127161.0
7041944.0
7127512.0
7158528.0
7034180.0
7081021.0
7147011.0
7087161.0
7168505.0
7104678.0
7067594.0
7054897.0
7163524.0
7130211.0
7098520.0
7263166.0
7100949.0
7102808.0
7051570.0
7151146.0
7195602.0
7158776.0
7145588.0
7130724.0
7032228.0
7145640.0
7100919.0
7095667.0
7074745.0
7157740.0
7094080.0
7190173.0
7124008.0
7138141.0
7260993.0
7138391.0
7252940.0
7105363.0
7161232.0
7142265.0
7140810.0
7206255.0
7194986.0
7187180.0
7119980.0
7078087.0
7103958.0
7154569.0
7162769.0
7084269.0
7142455.0
7223794.0
7152228.0
7069298.0
7281827.0
7006184.0
7049534.0
7088774.0
7148620.0
7131067.0
7101171.0
7105154.0
7158231.0
7137841.0
7250727.0
7104308.0
7181194.0
7116349.0
7110180.0
7140448.0
7162985.0
7149611.0
7168546.0
7175942.0
7089546.0
7136504.0
7189514.0
7200211.0
7155370.0
7041276.0
7126269.0
7151574.0
7089063.0
7109179.0
7120434.0
7228802.0
7171600.0
7210640.0
6950803.0
7151655.0
7030332.0
7161998.0
7132372.0
7171157.0
7133249.0
7093379.0
7170720.0
7020586.0
7162250.0
7090533.0
7142495.0
7185633.0
7119779.0
7173529.0
7063777.0
7060262.0
7068907.0
7139264.0
7118045.0
7074960.0
7159575.0
7192723.0
7108690.0
7236240.0
7176697.0
7158134.0
7030959.0
7152971.0
7126336.0
7105725.0
7110197.0
7198823.0
7144591.0
7128801.0
7224776.0
7088958.0
7054202.0
7169998.0
7132089.0
7190926.0
7177271.0
7120361.0
7106602.0
7102172.0
7073447.0
7134237.0
7113792.0
7107715.0
7070122.0
7058536.0
7166062.0
7324517.0
